Gene	GPL_dn_mean	GPL_ds_mean	GPL_dnds_mean	nSNPs
BDEG_00087	0.0108666666666667	0.0037	2.9097037037037	10
BDEG_04671	0.00342222222222222	0.00167777777777778	2.7401962962963	28
BDEG_04512	0.0122777777777778	0.0046	2.67564074074074	14
BDEG_03839	0.0208	0.0078	2.6746	8
BDEG_00452	0.00593703703703704	0.00195925925925926	2.578	10
BDEG_00687	0.00467407407407407	0.0018	2.55865925925926	13
BDEG_03518	0.0161407407407407	0.00657777777777778	2.49839259259259	20
BDEG_05996	0.00385925925925926	0.000655555555555555	2.4966	8
BDEG_00076	0.0094	0.00254814814814815	2.4932	7
BDEG_08342	0.0155037037037037	0.00702592592592593	2.406296	12
BDEG_03862	0.0168	0.0072	2.3504	9
BDEG_00928	0.006	0.0026	2.322	7
BDEG_08276	0.00288518518518519	0.0013	2.26171851851852	9
BDEG_05348	0.00511111111111111	0.00108888888888889	2.26016666666667	6
BDEG_08200	0.00672592592592593	0.00301851851851852	2.2319	16
BDEG_00348	0.0130074074074074	0.00134814814814815	2.216	8
BDEG_04098	0.0034	0.0015	2.208	10
BDEG_03547	0.0124	0.0057	2.1872	6
BDEG_06946	0.00501851851851852	0.00123333333333333	2.17444615384615	16
BDEG_07165	0.0044	0.0021	2.1124	18
BDEG_05752	0.0163962962962963	0.0079	2.07421481481481	11
BDEG_01094	0.0031	0.0015	2.035	14
BDEG_01773	0.00281111111111111	0.00154074074074074	1.9744962962963	20
BDEG_01577	0.0043	0.00245555555555556	1.88407777777778	9
BDEG_06081	0.0034	0.000266666666666667	1.8719	10
BDEG_03856	0.0127	0.0069	1.8404	40
BDEG_01406	0.0023	0.0013	1.7496	6
BDEG_02168	0.0038	0.0022	1.7297	10
BDEG_05016	0.00664074074074074	0.00211111111111111	1.71446666666667	6
BDEG_00766	0.0036962962962963	0.00187407407407407	1.6752	13
BDEG_06883	0.0113	0.00725925925925926	1.66991851851852	14
BDEG_07363	0.00625555555555556	0.00315185185185185	1.66357391304348	13
BDEG_00129	0.0072	0.0057037037037037	1.64054814814815	35
BDEG_08569	0.00443703703703704	0.00298888888888889	1.63634444444444	29
BDEG_08093	0.00778518518518518	0.0048	1.60994074074074	9
BDEG_00190	0.00572962962962963	0.00358518518518519	1.59698181818182	6
BDEG_02172	0.0066	0.0041	1.5804	10
BDEG_04244	0.00456666666666667	0.0029	1.57211111111111	5
BDEG_01125	0.0049	0.0032	1.5437	11
BDEG_04606	0.0036	0.0024	1.5211	5
BDEG_08473	0.0122222222222222	0.0081	1.51537777777778	5
BDEG_08170	0.00522962962962963	0.00358518518518519	1.5135037037037	27
BDEG_03506	0.0095	0.0064	1.495	10
BDEG_00253	0.00401111111111111	0.0027	1.49398888888889	6
BDEG_02150	0.0033	0.0022	1.4888	11
BDEG_03736	0.00253333333333333	0.00183703703703704	1.47978518518519	15
BDEG_04068	0.00243703703703704	0.0017	1.45459259259259	15
BDEG_07401	0.00214444444444444	0.00151111111111111	1.44713333333333	7
BDEG_03749	0.0027	0.0019	1.406	5
BDEG_06264	0.0036	0.0026	1.3977	7
BDEG_02225	0.0046	0.0033	1.3916	7
BDEG_08004	0.00245555555555556	0.00181851851851852	1.38117692307692	10
BDEG_02925	0.0147925925925926	0.00815185185185185	1.33538	9
BDEG_03953	0.00602222222222222	0.0045	1.33048888888889	6
BDEG_07769	0.00713333333333333	0.0056	1.3121	6
BDEG_02776	0.0028	0.0022	1.30916666666667	9
BDEG_05169	0.00264074074074074	0.00233333333333333	1.30896666666667	11
BDEG_00186	0.00314444444444444	0.0056	1.3030962962963	46
BDEG_03612	0.00277407407407407	0.00217777777777778	1.29803703703704	13
BDEG_03797	0.00501111111111111	0.0043	1.29563333333333	15
BDEG_00475	0.000948148148148148	0.000211111111111111	1.2854	9
BDEG_04810	0.00198888888888889	0.000396296296296296	1.27372	17
BDEG_04306	0.000533333333333333	0.00042962962962963	1.2595	5
BDEG_01047	0.0022	0.00182592592592593	1.25455185185185	11
BDEG_04292	0.000577777777777778	0.000459259259259259	1.245	7
BDEG_05404	0.0115	0.0092	1.2443	4
BDEG_08441	0.0024	0.0019	1.2442	6
BDEG_05478	0.00791851851851852	0.00647777777777778	1.24321481481481	11
BDEG_01295	0.00578518518518518	0.0047	1.23227407407407	9
BDEG_04627	0.0035	0.0028	1.231	7
BDEG_05450	0.00364444444444444	0.00322222222222222	1.22768518518519	18
BDEG_01307	0.00442222222222222	0.0039037037037037	1.22589259259259	6
BDEG_00252	0.00578518518518518	0.00353333333333333	1.21967222222222	4
BDEG_07436	0.0087	0.0071	1.2168037037037	7
BDEG_05829	0.006	0.005	1.2108	10
BDEG_07321	0.00309259259259259	0.0028	1.20068518518519	27
BDEG_03611	0.00202222222222222	0.0017	1.20058888888889	10
BDEG_02783	0.00774814814814815	0.00433333333333333	1.19806111111111	9
BDEG_02753	0.00238518518518519	0.002	1.19163703703704	13
BDEG_06000	0.00256666666666667	0.00249259259259259	1.1908037037037	10
BDEG_00587	0.00493333333333333	0.00425555555555556	1.17532222222222	13
BDEG_05424	0.0037	0.0032	1.17518888888889	8
BDEG_03479	0.00137407407407407	0.0012	1.16728148148148	6
BDEG_04226	0.00477777777777778	0.000288888888888889	1.1649	9
BDEG_07599	0.0056	0.000725925925925926	1.1542	8
BDEG_03587	0.0015	0.0013	1.1541	5
BDEG_00193	0.0061	0.00314074074074074	1.1518	5
BDEG_06099	0.0034	0.0029	1.149	8
BDEG_07821	0.0053	0.0046	1.1432	7
BDEG_00621	0.00163333333333333	0.0014	1.13807272727273	8
BDEG_02217	0.0017	0.0015	1.1361	8
BDEG_02333	0.0018	0.0016	1.1326	10
BDEG_06942	0.0015	0.00146666666666667	1.12942222222222	24
BDEG_06360	0.00269259259259259	0.00238888888888889	1.12922592592593	11
BDEG_04213	0.0033	0.0029	1.1203	12
BDEG_03021	0.00368888888888889	0.00333703703703704	1.1199962962963	10
BDEG_05720	0.00173333333333333	0.00172962962962963	1.11571111111111	13
BDEG_05993	0.0034037037037037	0.00275555555555556	1.11243333333333	9
BDEG_00863	0.00435925925925926	0.004	1.10847037037037	18
BDEG_02456	0.0026	0.0023	1.1079	9
BDEG_02555	0.000696296296296296	0.000207407407407407	1.106	5
BDEG_04298	0.0019	0.0018	1.09798888888889	11
BDEG_03787	0.0041	0.00342592592592593	1.0972	6
BDEG_04799	0.00122592592592593	0.0011	1.09306296296296	11
BDEG_08507	0.00855555555555556	0.00821111111111111	1.09286666666667	8
BDEG_04846	0.00857407407407407	0.0079	1.09211111111111	15
BDEG_08309	0.00514444444444444	0.00493333333333333	1.08906666666667	15
BDEG_04379	0.00384814814814815	0.0012	1.08733333333333	5
BDEG_02171	0.0036	0.0033	1.0836	7
BDEG_07629	0.0017	0.0016	1.0834	9
BDEG_05280	0.0039	0.00402222222222222	1.08226296296296	9
BDEG_01118	0.0035	0.00331851851851852	1.08074444444444	6
BDEG_07005	0.0015	0.0014	1.0802	7
BDEG_03330	0.00955185185185185	0.00847777777777778	1.07650384615385	5
BDEG_05443	0.0024	0.00228518518518519	1.07502592592593	9
BDEG_02893	0.00165925925925926	0.00163703703703704	1.07007777777778	11
BDEG_07877	0.00447407407407407	0.00377777777777778	1.067915	4
BDEG_03307	0.00101481481481481	0.001	1.06308518518519	6
BDEG_00081	0.00244444444444444	0.00195185185185185	1.06213529411765	4
BDEG_03187	0.0061	0.000211111111111111	1.0591	7
BDEG_01476	0.00335925925925926	0.00331481481481482	1.05062222222222	5
BDEG_02431	0.0033	0.0031	1.0505	8
BDEG_03009	0.0048	0.0046	1.05	8
BDEG_05784	0.0019	0.0018	1.0463	15
BDEG_03248	0.0135	0.013	1.0417	13
BDEG_08120	0.00683333333333333	0.00699259259259259	1.04135555555556	7
BDEG_06408	0.00222222222222222	0.00194444444444444	1.039624	10
BDEG_05436	0.00141481481481481	0.0014	1.03625925925926	10
BDEG_08576	0.0041962962962963	0.000777777777777778	1.0309	10
BDEG_01442	0.0064	0.0063	1.026	4
BDEG_07473	0.0041	0.0041	1.0196	4
BDEG_04332	0.0048962962962963	0.0048	1.0186037037037	4
BDEG_01757	0.00343703703703704	0.00385555555555556	1.0159962962963	16
BDEG_06700	0.00377777777777778	0.00383703703703704	1.01512592592593	24
BDEG_01195	0.0017	0.0017962962962963	1.00821481481481	6
BDEG_07024	0.0019	0.0019	1.0077	12
BDEG_03861	0.0032	0.0032	1.0014	5
